image_width: 640
image_height: 480
camera_name: narrow_stereo
camera_matrix:
  rows: 3
  cols: 3
  data: [618.77112,   0.     , 316.65885,
           0.     , 620.16329, 235.85653,
           0.     ,   0.     ,   1.     ]
distortion_model: plumb_bob
distortion_coefficients:
  rows: 1
  cols: 5
  data: [0.150272, -0.303022, 0.001100, -0.009243, 0.000000]
rectification_matrix:
  rows: 3
  cols: 3
  data: [1., 0., 0.,
         0., 1., 0.,
         0., 0., 1.]
projection_matrix:
  rows: 3
  cols: 4
  data: [630.0506 ,   0.     , 312.09341,   0.     ,
           0.     , 635.79419, 236.2212 ,   0.     ,
           0.     ,   0.     ,   1.     ,   0.     ]



K_inv:
  rows: 3
  cols: 3
  data: [0.001616, 0.000000, -0.511754, 0.000000, 0.001612, -0.380314, 0.000000, 0.000000, 1.000000]
H_worldTocamera:
  rows: 4
  cols: 4
  data: [-0.032307, -0.999381, -0.013925, 0.151134, 0.999361, -0.032514, 0.014869, 0.045202, -0.015312, -0.013435, 0.999792, 0.726443, 0.000000, 0.000000, 0.000000, 1.000000]
H_cameraToworld:
  rows: 4
  cols: 4
  data: [-0.032307, 0.999361, -0.015312, -0.029167, -0.999381, -0.032514, -0.013435, 0.162270, -0.013925, 0.014869, 0.999792, -0.724860, 0.000000, 0.000000, 0.000000, 1.000000]

# R_worldToBase:
#   rows: 3
#   cols: 3
#   dt: f
#   data: [ 0.999950544124, 0.00994531577739, -8.69986347107e-19, 0.00994531577739, -0.999950544124, 4.22261597439e-19, 8.65743796243e-19, 4.30893003066e-19, 1.0]
# T_worldToBase:
#   rows: 3
#   cols: 1
#   dt: f
#   data: [ -0.806574471629, 0.0520910888024, -0.00901337947709]
# H_worldToBase:
#   rows: 4
#   cols: 4
#   dt: f
#   data: [ 0.999950544124, 0.00994531577739, -8.69986347107e-19, -0.806574471629, 0.00994531577739, -0.999950544124, 4.22261597439e-19, 0.0520910888024, 8.65743796243e-19, 4.30893003066e-19, 1.0, -0.00901337947709, 0.0, 0.0, 0.0, 1.0]
# R_BaseToworld:
#   rows: 3
#   cols: 3
#   dt: f
#   data: [ 0.999950544124, 0.00994531577739, 8.65743796243e-19, 0.00994531577739, -0.999950544124, 4.30893003066e-19, -8.69986347107e-19, 4.22261597439e-19, 1.0]
# T_BaseToworld:
#   rows: 3
#   cols: 1
#   dt: f
#   data: [ 0.806016519455, 0.0601101504104, 0.00901337947709]
# H_BaseToworld:
#   rows: 4
#   cols: 4
#   dt: f
#   data: [ 0.999950544124, 0.00994531577739, 8.65743796243e-19, 0.806016519455, 0.00994531577739, -0.999950544124, 4.30893003066e-19, 0.0601101504104, -8.69986347107e-19, 4.22261597439e-19, 1.0, 0.00901337947709, 0.0, 0.0, 0.0, 1.0]
R_worldToBase:
  rows: 3
  cols: 3
  dt: f
  data: [ 0.999825395949, 0.0186862948615, -3.50148796887e-18, 0.0186862948615, -0.999825395949, 7.52503826106e-17, 2.09472575698e-18, 7.53026734255e-17, 1.0]
T_worldToBase:
  rows: 3
  cols: 1
  dt: f
  data: [ -0.806703949792, 0.0515834457172, -0.0101489384982]
H_worldToBase:
  rows: 4
  cols: 4
  dt: f
  data: [ 0.999825395949, 0.0186862948615, -3.50148796887e-18, -0.806703949792, 0.0186862948615, -0.999825395949, 7.52503826106e-17, 0.0515834457172, 2.09472575698e-18, 7.53026734255e-17, 1.0, -0.0101489384982, 0.0, 0.0, 0.0, 1.0]
R_BaseToworld:
  rows: 3
  cols: 3
  dt: f
  data: [ 0.999825395949, 0.0186862948615, 2.09472575698e-18, 0.0186862948615, -0.999825395949, 7.53026734255e-17, -3.50148796887e-18, 7.52503826106e-17, 1.0]
T_BaseToworld:
  rows: 3
  cols: 1
  dt: f
  data: [ 0.805599192537, 0.0666487469104, 0.0101489384982]
H_BaseToworld:
  rows: 4
  cols: 4
  dt: f
  data: [ 0.999825395949, 0.0186862948615, 2.09472575698e-18, 0.805599192537, 0.0186862948615, -0.999825395949, 7.53026734255e-17, 0.0666487469104, -3.50148796887e-18, 7.52503826106e-17, 1.0, 0.0101489384982, 0.0, 0.0, 0.0, 1.0]
